11111 29387
09847 30498
12098 23987
34958 12380
90832 08374
29487 34875
12339 25892
23495 34570
57283 34987
93751 23957
22222 34589
12409 34571
35304 99234
50928 23987
34892 57289
23597 34509
20485 58920
62895 42903
48902 42039
09384 38294
33333 30985
35203 91286
43891 54209
23480 43201
13845 23958
23465 60094
20398 02467
20394 61203
10239 56348
58905 53098
44444 98374
22349 52098
68590 52309
34685 30498
39847 48903
87364 47894
98698 98798
48798 23208
24023 09182
11309 78934
55555 98679
87987 65463
98798 55006
23874 34799
23098 98798
20023 02398
12308 48390
01298 47890
02984 79874
56476 28739
66666 29803
34758 12987
98754 97899
19857 55765
48463 33855
94855 98711
54655 65466
82200 19877
64912 22546
33733 49455
77777 45881
65945 45333
12394 65775
65499 54561
35495 35965
22589 41335
37354 35994
45632 97232
11268 43544
19988 22555
88888 16543
12457 46534
22867 16575
33564 45921
22577 46462
99842 45266
25968 56488
49224 46987
48446 27925
99533 65488
99999 65435
98432 15945
22296 53654
15935 45633
98462 45358
94651 22596
98372 45692
19195 46576
95622 45637
19235 59634
00000 03243
23579 44628
57652 63527
95432 19346
25839 11237
94357 53156
35654 82582
94324 32792
35465 57974
19185 75654
