11111 29386
09847 30496
12038 23986
34918 12180
90812 08374
29417 34175
12339 21196
23495 31176
57283 34986
93751 23957
22222 34689
12409 34571
35304 99234
50928 23421
34892 57289
23597 34509
20485 58920
62895 42234
48902 42036
09384 38299
33333 30965
31203 91286
41891 51109
11480 43601
11845 23658
23465 62394
20398 02467
21394 61603
10239 56748
58905 53798
41444 98774
22349 52798
68590 52709
34685 30798
39847 48703
87364 47794
98698 98798
48798 23708
24023 02782
11309 72934
51555 92679
87987 88763
98798 52006
23874 32712
23098 92798
20023 02398
12308 42390
01298 42890
02984 72892
56476 22739
66666 22803
34758 83746
98754 92899
19851 52765
48461 10098
94851 98711
54651 65466
82201 19877
64911 22555
33733 49451
77766 45401
65945 45133
12394 65105
65499 54101
35495 35105
22589 41105
37354 35104
45632 97132
11268 43144
19988 22555
88888 10003
12457 46534
22867 16505
33564 45921
22577 46402
99842 45266
25968 56488
49224 46987
48446 27005
99533 65408
99999 65405
98432 15945
22296 53654
15935 45603
98462 45358
94651 22596
98372 15692
19195 16576
95622 45637
19235 59634
00000 04243
23579 44628
57652 64527
95432 19346
25839 14237
94357 53156
35654 84582
94324 32792
35465 54974
19185 74654
